-1.7647e-01 -3.4642e-01 -2.8250e-01 -2.1001e-01 -3.1410e-01 -2.6963e-01 -4.3218e-01 -2.0940e-01 -2.9204e-01 -1.5303e-01
-1.7171e-01 -1.4381e-01 6.5035e-01 -4.2980e-01 -3.7028e-01 -1.7043e-01 -6.8522e-02 1.1012e+00 -1.3311e-01 -3.3973e-01
-2.3212e-01 -2.2243e-01 -1.6116e-01 -1.3855e-01 9.2537e-01 3.8631e-02 7.8893e-02 -1.1376e-01 -1.2808e-01 -2.6454e-01
5.1265e-01 -4.0768e-01 -5.6702e-01 -5.4837e-01 3.8697e-01 -7.1964e-01 3.8959e-01 3.7552e-01 4.9367e-01 -5.9603e-01
4.6522e-01 2.3584e-01 -1.1344e+00 -1.1626e+00 -3.2538e-01 4.8976e-01 2.4577e-01 5.6208e-01 -1.2575e+00 4.8125e-01
-9.3120e-01 1.9984e-01 3.8105e-01 6.6861e-01 5.3936e-01 -7.6747e-01 -8.0884e-01 3.6962e-01 -9.0997e-01 4.0430e-01
-5.5792e-01 3.2744e-01 3.8195e-01 2.6825e-01 -6.0973e-01 4.3089e-01 -5.9260e-01 7.5742e-02 -5.4392e-01 2.3147e-01
-7.3231e-01 6.2633e-01 5.3898e-01 5.2425e-01 -8.5297e-01 3.5262e-01 -8.9749e-01 5.6636e-01 2.9775e-01 -9.9033e-01
1.4035e-01 -7.2144e-01 -6.7167e-01 2.3936e-01 -1.4319e-01 -6.9120e-01 -2.2139e-02 -1.6983e-02 2.0976e-01 1.7354e-01
-2.9939e-01 -3.7745e-01 -3.0753e-01 -1.4641e-01 -1.8180e-01 -2.7855e-01 -4.5152e-01 -2.8183e-01 -2.3915e-01 -3.2857e-01
-9.5499e-01 -5.1086e-01 -3.1674e-01 -4.8907e-01 -4.4936e-01 9.3049e-01 1.0696e+00 -3.6137e-01 9.2839e-01 -4.8952e-01
6.4975e-02 -2.5061e-01 -3.2244e-01 4.1037e-02 -3.6781e-01 -4.2215e-01 -5.5605e-01 -1.5772e-01 5.3578e-02 -1.6533e-01
-2.2583e-02 4.5779e-02 3.9496e-02 9.9100e-02 1.0900e-01 7.7897e-02 -1.0321e-01 1.1647e-01 -1.0566e-01 2.8407e-02
2.4848e-01 1.0640e-01 4.1449e-01 -8.2150e-01 6.6423e-02 -7.8303e-01 1.4448e-02 -1.4008e+00 2.2160e-01 3.1897e-01
4.1654e-01 2.4231e-01 -8.8695e-01 5.7348e-01 -9.7743e-01 6.0108e-01 6.3835e-01 -7.8659e-01 -1.0430e+00 7.1439e-01
2.2094e-01 -1.0273e+00 1.2190e-01 1.4752e-01 -1.1652e+00 2.0358e-01 6.6568e-02 1.5581e-01 1.6090e-01 -1.1096e+00
7.7511e-01 3.7922e-01 8.2364e-01 -6.8842e-01 4.4359e-01 -7.3019e-01 6.6682e-01 -6.4178e-01 -7.8426e-01 -9.3486e-01
-2.3426e-01 -3.3975e-01 -3.7195e-01 -1.9831e-01 -2.3696e-01 -3.6937e-01 -3.3942e-01 -2.4082e-01 -8.2059e-02 -2.6664e-01
-2.9320e-01 -3.8678e-01 -2.2310e-01 -1.5844e-01 -2.1127e-01 -2.7754e-01 -3.1867e-01 -3.8375e-01 -2.6146e-01 -1.9923e-01
-8.7319e-01 3.7715e-01 5.3142e-01 -1.0119e+00 5.0805e-01 -6.0264e-01 -6.3631e-01 4.6479e-01 -3.6603e-01 7.3127e-01
-2.8818e-01 -1.8492e-01 -2.2197e-01 -1.8770e-01 -2.5548e-01 -2.3905e-01 -3.0511e-01 -3.3104e-01 -2.5593e-01 -2.4044e-01
-2.8109e-01 -7.6439e-01 -1.8811e-01 -2.6335e-02 -2.6451e-01 -1.5548e-01 -2.9237e-01 -1.7527e-01 -2.0698e-01 -2.3757e-01
-1.0199e-01 -3.8596e-01 -3.6626e-01 -2.2575e-01 -1.9313e-01 -3.0892e-01 -4.5688e-01 -3.2623e-01 -2.5454e-01 -3.1352e-01
-1.6984e-01 -1.9793e-01 -3.4876e-01 -2.5466e-01 -1.9269e-01 -2.8932e-01 -2.8923e-01 -3.7462e-01 -1.3296e-01 -1.2941e-01
-2.7361e-01 -2.3686e-01 -1.8170e-01 -1.6577e-01 -1.3322e-01 -2.5089e-01 -2.2730e-01 -3.4793e-01 -3.3229e-02 -1.6133e-01
-1.0990e+00 6.7480e-01 -8.2935e-01 -6.5053e-01 8.4740e-01 5.6683e-01 5.5909e-01 -6.9230e-01 5.0323e-01 -8.1198e-01
